{
 "cells": [
  {
   "cell_type": "code",
   "execution_count": 18,
   "metadata": {},
   "outputs": [],
   "source": [
    "import pandas as pd"
   ]
  },
  {
   "cell_type": "code",
   "execution_count": 19,
   "metadata": {},
   "outputs": [],
   "source": [
    "iris = pd.read_csv('https://raw.githubusercontent.com/RifqiRoidDhiaulhaq/Tugas-Phyton-02/master/Data%20Penduduk%20Nusa%20Tenggara%20Barat.csv')"
   ]
  },
  {
   "cell_type": "code",
   "execution_count": 20,
   "metadata": {},
   "outputs": [
    {
     "data": {
      "text/html": [
       "<div>\n",
       "<style scoped>\n",
       "    .dataframe tbody tr th:only-of-type {\n",
       "        vertical-align: middle;\n",
       "    }\n",
       "\n",
       "    .dataframe tbody tr th {\n",
       "        vertical-align: top;\n",
       "    }\n",
       "\n",
       "    .dataframe thead th {\n",
       "        text-align: right;\n",
       "    }\n",
       "</style>\n",
       "<table border=\"1\" class=\"dataframe\">\n",
       "  <thead>\n",
       "    <tr style=\"text-align: right;\">\n",
       "      <th></th>\n",
       "      <th>Kabupaten/Kota</th>\n",
       "      <th>2014</th>\n",
       "      <th>2015</th>\n",
       "      <th>2016</th>\n",
       "      <th>2017</th>\n",
       "      <th>2018</th>\n",
       "      <th>2019</th>\n",
       "      <th>2020</th>\n",
       "    </tr>\n",
       "  </thead>\n",
       "  <tbody>\n",
       "    <tr>\n",
       "      <td>0</td>\n",
       "      <td>Lombok Barat</td>\n",
       "      <td>644586</td>\n",
       "      <td>654892</td>\n",
       "      <td>665132</td>\n",
       "      <td>675222</td>\n",
       "      <td>685161</td>\n",
       "      <td>694985</td>\n",
       "      <td>704586</td>\n",
       "    </tr>\n",
       "    <tr>\n",
       "      <td>1</td>\n",
       "      <td>Lombok Tengah</td>\n",
       "      <td>903432</td>\n",
       "      <td>912879</td>\n",
       "      <td>922088</td>\n",
       "      <td>930797</td>\n",
       "      <td>939409</td>\n",
       "      <td>947488</td>\n",
       "      <td>955411</td>\n",
       "    </tr>\n",
       "    <tr>\n",
       "      <td>2</td>\n",
       "      <td>Lombok Timur</td>\n",
       "      <td>1153773</td>\n",
       "      <td>1164018</td>\n",
       "      <td>1173781</td>\n",
       "      <td>1183204</td>\n",
       "      <td>1192110</td>\n",
       "      <td>1200612</td>\n",
       "      <td>1208594</td>\n",
       "    </tr>\n",
       "    <tr>\n",
       "      <td>3</td>\n",
       "      <td>Sumbawa</td>\n",
       "      <td>436599</td>\n",
       "      <td>441102</td>\n",
       "      <td>445503</td>\n",
       "      <td>449680</td>\n",
       "      <td>453797</td>\n",
       "      <td>457671</td>\n",
       "      <td>461502</td>\n",
       "    </tr>\n",
       "    <tr>\n",
       "      <td>4</td>\n",
       "      <td>Dompu</td>\n",
       "      <td>234665</td>\n",
       "      <td>238386</td>\n",
       "      <td>241888</td>\n",
       "      <td>245387</td>\n",
       "      <td>248879</td>\n",
       "      <td>252288</td>\n",
       "      <td>255569</td>\n",
       "    </tr>\n",
       "  </tbody>\n",
       "</table>\n",
       "</div>"
      ],
      "text/plain": [
       "  Kabupaten/Kota     2014     2015     2016     2017     2018     2019  \\\n",
       "0   Lombok Barat   644586   654892   665132   675222   685161   694985   \n",
       "1  Lombok Tengah   903432   912879   922088   930797   939409   947488   \n",
       "2   Lombok Timur  1153773  1164018  1173781  1183204  1192110  1200612   \n",
       "3        Sumbawa   436599   441102   445503   449680   453797   457671   \n",
       "4          Dompu   234665   238386   241888   245387   248879   252288   \n",
       "\n",
       "      2020  \n",
       "0   704586  \n",
       "1   955411  \n",
       "2  1208594  \n",
       "3   461502  \n",
       "4   255569  "
      ]
     },
     "execution_count": 20,
     "metadata": {},
     "output_type": "execute_result"
    }
   ],
   "source": [
    "iris.head()"
   ]
  },
  {
   "cell_type": "code",
   "execution_count": 21,
   "metadata": {},
   "outputs": [
    {
     "data": {
      "text/html": [
       "<div>\n",
       "<style scoped>\n",
       "    .dataframe tbody tr th:only-of-type {\n",
       "        vertical-align: middle;\n",
       "    }\n",
       "\n",
       "    .dataframe tbody tr th {\n",
       "        vertical-align: top;\n",
       "    }\n",
       "\n",
       "    .dataframe thead th {\n",
       "        text-align: right;\n",
       "    }\n",
       "</style>\n",
       "<table border=\"1\" class=\"dataframe\">\n",
       "  <thead>\n",
       "    <tr style=\"text-align: right;\">\n",
       "      <th></th>\n",
       "      <th>Kabupaten/Kota</th>\n",
       "      <th>2014</th>\n",
       "      <th>2015</th>\n",
       "      <th>2016</th>\n",
       "      <th>2017</th>\n",
       "      <th>2018</th>\n",
       "      <th>2019</th>\n",
       "      <th>2020</th>\n",
       "    </tr>\n",
       "  </thead>\n",
       "  <tbody>\n",
       "    <tr>\n",
       "      <td>4</td>\n",
       "      <td>Dompu</td>\n",
       "      <td>234665</td>\n",
       "      <td>238386</td>\n",
       "      <td>241888</td>\n",
       "      <td>245387</td>\n",
       "      <td>248879</td>\n",
       "      <td>252288</td>\n",
       "      <td>255569</td>\n",
       "    </tr>\n",
       "    <tr>\n",
       "      <td>5</td>\n",
       "      <td>Bima</td>\n",
       "      <td>463419</td>\n",
       "      <td>468682</td>\n",
       "      <td>473890</td>\n",
       "      <td>478967</td>\n",
       "      <td>483901</td>\n",
       "      <td>488577</td>\n",
       "      <td>493198</td>\n",
       "    </tr>\n",
       "    <tr>\n",
       "      <td>6</td>\n",
       "      <td>Sumbawa Barat</td>\n",
       "      <td>129724</td>\n",
       "      <td>133391</td>\n",
       "      <td>137072</td>\n",
       "      <td>140890</td>\n",
       "      <td>144707</td>\n",
       "      <td>148606</td>\n",
       "      <td>152437</td>\n",
       "    </tr>\n",
       "    <tr>\n",
       "      <td>7</td>\n",
       "      <td>Lombok Utara</td>\n",
       "      <td>210133</td>\n",
       "      <td>212265</td>\n",
       "      <td>214393</td>\n",
       "      <td>216515</td>\n",
       "      <td>218533</td>\n",
       "      <td>220412</td>\n",
       "      <td>222212</td>\n",
       "    </tr>\n",
       "    <tr>\n",
       "      <td>8</td>\n",
       "      <td>Kota Mataram</td>\n",
       "      <td>441064</td>\n",
       "      <td>450226</td>\n",
       "      <td>459314</td>\n",
       "      <td>468509</td>\n",
       "      <td>477476</td>\n",
       "      <td>486715</td>\n",
       "      <td>495681</td>\n",
       "    </tr>\n",
       "  </tbody>\n",
       "</table>\n",
       "</div>"
      ],
      "text/plain": [
       "  Kabupaten/Kota    2014    2015    2016    2017    2018    2019    2020\n",
       "4          Dompu  234665  238386  241888  245387  248879  252288  255569\n",
       "5           Bima  463419  468682  473890  478967  483901  488577  493198\n",
       "6  Sumbawa Barat  129724  133391  137072  140890  144707  148606  152437\n",
       "7   Lombok Utara  210133  212265  214393  216515  218533  220412  222212\n",
       "8   Kota Mataram  441064  450226  459314  468509  477476  486715  495681"
      ]
     },
     "execution_count": 21,
     "metadata": {},
     "output_type": "execute_result"
    }
   ],
   "source": [
    "iris.tail()"
   ]
  },
  {
   "cell_type": "code",
   "execution_count": 22,
   "metadata": {},
   "outputs": [
    {
     "name": "stdout",
     "output_type": "stream",
     "text": [
      "<class 'pandas.core.frame.DataFrame'>\n",
      "RangeIndex: 9 entries, 0 to 8\n",
      "Data columns (total 8 columns):\n",
      "Kabupaten/Kota    9 non-null object\n",
      "2014              9 non-null int64\n",
      "2015              9 non-null int64\n",
      "2016              9 non-null int64\n",
      "2017              9 non-null int64\n",
      "2018              9 non-null int64\n",
      "2019              9 non-null int64\n",
      "2020              9 non-null int64\n",
      "dtypes: int64(7), object(1)\n",
      "memory usage: 704.0+ bytes\n"
     ]
    }
   ],
   "source": [
    "iris.info()"
   ]
  },
  {
   "cell_type": "code",
   "execution_count": 23,
   "metadata": {},
   "outputs": [
    {
     "data": {
      "text/html": [
       "<div>\n",
       "<style scoped>\n",
       "    .dataframe tbody tr th:only-of-type {\n",
       "        vertical-align: middle;\n",
       "    }\n",
       "\n",
       "    .dataframe tbody tr th {\n",
       "        vertical-align: top;\n",
       "    }\n",
       "\n",
       "    .dataframe thead th {\n",
       "        text-align: right;\n",
       "    }\n",
       "</style>\n",
       "<table border=\"1\" class=\"dataframe\">\n",
       "  <thead>\n",
       "    <tr style=\"text-align: right;\">\n",
       "      <th></th>\n",
       "      <th>2014</th>\n",
       "      <th>2015</th>\n",
       "      <th>2016</th>\n",
       "      <th>2017</th>\n",
       "      <th>2018</th>\n",
       "      <th>2019</th>\n",
       "      <th>2020</th>\n",
       "    </tr>\n",
       "  </thead>\n",
       "  <tbody>\n",
       "    <tr>\n",
       "      <td>count</td>\n",
       "      <td>9.000000e+00</td>\n",
       "      <td>9.000000e+00</td>\n",
       "      <td>9.000000e+00</td>\n",
       "      <td>9.000000e+00</td>\n",
       "      <td>9.000000e+00</td>\n",
       "      <td>9.000000e+00</td>\n",
       "      <td>9.000000e+00</td>\n",
       "    </tr>\n",
       "    <tr>\n",
       "      <td>mean</td>\n",
       "      <td>5.130439e+05</td>\n",
       "      <td>5.195379e+05</td>\n",
       "      <td>5.258957e+05</td>\n",
       "      <td>5.321301e+05</td>\n",
       "      <td>5.382192e+05</td>\n",
       "      <td>5.441504e+05</td>\n",
       "      <td>5.499100e+05</td>\n",
       "    </tr>\n",
       "    <tr>\n",
       "      <td>std</td>\n",
       "      <td>3.372520e+05</td>\n",
       "      <td>3.399463e+05</td>\n",
       "      <td>3.425254e+05</td>\n",
       "      <td>3.449426e+05</td>\n",
       "      <td>3.472489e+05</td>\n",
       "      <td>3.494076e+05</td>\n",
       "      <td>3.514614e+05</td>\n",
       "    </tr>\n",
       "    <tr>\n",
       "      <td>min</td>\n",
       "      <td>1.297240e+05</td>\n",
       "      <td>1.333910e+05</td>\n",
       "      <td>1.370720e+05</td>\n",
       "      <td>1.408900e+05</td>\n",
       "      <td>1.447070e+05</td>\n",
       "      <td>1.486060e+05</td>\n",
       "      <td>1.524370e+05</td>\n",
       "    </tr>\n",
       "    <tr>\n",
       "      <td>25%</td>\n",
       "      <td>2.346650e+05</td>\n",
       "      <td>2.383860e+05</td>\n",
       "      <td>2.418880e+05</td>\n",
       "      <td>2.453870e+05</td>\n",
       "      <td>2.488790e+05</td>\n",
       "      <td>2.522880e+05</td>\n",
       "      <td>2.555690e+05</td>\n",
       "    </tr>\n",
       "    <tr>\n",
       "      <td>50%</td>\n",
       "      <td>4.410640e+05</td>\n",
       "      <td>4.502260e+05</td>\n",
       "      <td>4.593140e+05</td>\n",
       "      <td>4.685090e+05</td>\n",
       "      <td>4.774760e+05</td>\n",
       "      <td>4.867150e+05</td>\n",
       "      <td>4.931980e+05</td>\n",
       "    </tr>\n",
       "    <tr>\n",
       "      <td>75%</td>\n",
       "      <td>6.445860e+05</td>\n",
       "      <td>6.548920e+05</td>\n",
       "      <td>6.651320e+05</td>\n",
       "      <td>6.752220e+05</td>\n",
       "      <td>6.851610e+05</td>\n",
       "      <td>6.949850e+05</td>\n",
       "      <td>7.045860e+05</td>\n",
       "    </tr>\n",
       "    <tr>\n",
       "      <td>max</td>\n",
       "      <td>1.153773e+06</td>\n",
       "      <td>1.164018e+06</td>\n",
       "      <td>1.173781e+06</td>\n",
       "      <td>1.183204e+06</td>\n",
       "      <td>1.192110e+06</td>\n",
       "      <td>1.200612e+06</td>\n",
       "      <td>1.208594e+06</td>\n",
       "    </tr>\n",
       "  </tbody>\n",
       "</table>\n",
       "</div>"
      ],
      "text/plain": [
       "               2014          2015          2016          2017          2018  \\\n",
       "count  9.000000e+00  9.000000e+00  9.000000e+00  9.000000e+00  9.000000e+00   \n",
       "mean   5.130439e+05  5.195379e+05  5.258957e+05  5.321301e+05  5.382192e+05   \n",
       "std    3.372520e+05  3.399463e+05  3.425254e+05  3.449426e+05  3.472489e+05   \n",
       "min    1.297240e+05  1.333910e+05  1.370720e+05  1.408900e+05  1.447070e+05   \n",
       "25%    2.346650e+05  2.383860e+05  2.418880e+05  2.453870e+05  2.488790e+05   \n",
       "50%    4.410640e+05  4.502260e+05  4.593140e+05  4.685090e+05  4.774760e+05   \n",
       "75%    6.445860e+05  6.548920e+05  6.651320e+05  6.752220e+05  6.851610e+05   \n",
       "max    1.153773e+06  1.164018e+06  1.173781e+06  1.183204e+06  1.192110e+06   \n",
       "\n",
       "               2019          2020  \n",
       "count  9.000000e+00  9.000000e+00  \n",
       "mean   5.441504e+05  5.499100e+05  \n",
       "std    3.494076e+05  3.514614e+05  \n",
       "min    1.486060e+05  1.524370e+05  \n",
       "25%    2.522880e+05  2.555690e+05  \n",
       "50%    4.867150e+05  4.931980e+05  \n",
       "75%    6.949850e+05  7.045860e+05  \n",
       "max    1.200612e+06  1.208594e+06  "
      ]
     },
     "execution_count": 23,
     "metadata": {},
     "output_type": "execute_result"
    }
   ],
   "source": [
    "iris.describe()"
   ]
  },
  {
   "cell_type": "code",
   "execution_count": 24,
   "metadata": {},
   "outputs": [
    {
     "data": {
      "text/html": [
       "<div>\n",
       "<style scoped>\n",
       "    .dataframe tbody tr th:only-of-type {\n",
       "        vertical-align: middle;\n",
       "    }\n",
       "\n",
       "    .dataframe tbody tr th {\n",
       "        vertical-align: top;\n",
       "    }\n",
       "\n",
       "    .dataframe thead th {\n",
       "        text-align: right;\n",
       "    }\n",
       "</style>\n",
       "<table border=\"1\" class=\"dataframe\">\n",
       "  <thead>\n",
       "    <tr style=\"text-align: right;\">\n",
       "      <th></th>\n",
       "      <th>2015</th>\n",
       "      <th>2016</th>\n",
       "      <th>2017</th>\n",
       "      <th>2018</th>\n",
       "      <th>2019</th>\n",
       "      <th>2020</th>\n",
       "    </tr>\n",
       "    <tr>\n",
       "      <th>2014</th>\n",
       "      <th></th>\n",
       "      <th></th>\n",
       "      <th></th>\n",
       "      <th></th>\n",
       "      <th></th>\n",
       "      <th></th>\n",
       "    </tr>\n",
       "  </thead>\n",
       "  <tbody>\n",
       "    <tr>\n",
       "      <td>129724</td>\n",
       "      <td>133391</td>\n",
       "      <td>137072</td>\n",
       "      <td>140890</td>\n",
       "      <td>144707</td>\n",
       "      <td>148606</td>\n",
       "      <td>152437</td>\n",
       "    </tr>\n",
       "    <tr>\n",
       "      <td>210133</td>\n",
       "      <td>212265</td>\n",
       "      <td>214393</td>\n",
       "      <td>216515</td>\n",
       "      <td>218533</td>\n",
       "      <td>220412</td>\n",
       "      <td>222212</td>\n",
       "    </tr>\n",
       "    <tr>\n",
       "      <td>234665</td>\n",
       "      <td>238386</td>\n",
       "      <td>241888</td>\n",
       "      <td>245387</td>\n",
       "      <td>248879</td>\n",
       "      <td>252288</td>\n",
       "      <td>255569</td>\n",
       "    </tr>\n",
       "    <tr>\n",
       "      <td>436599</td>\n",
       "      <td>441102</td>\n",
       "      <td>445503</td>\n",
       "      <td>449680</td>\n",
       "      <td>453797</td>\n",
       "      <td>457671</td>\n",
       "      <td>461502</td>\n",
       "    </tr>\n",
       "    <tr>\n",
       "      <td>441064</td>\n",
       "      <td>450226</td>\n",
       "      <td>459314</td>\n",
       "      <td>468509</td>\n",
       "      <td>477476</td>\n",
       "      <td>486715</td>\n",
       "      <td>495681</td>\n",
       "    </tr>\n",
       "    <tr>\n",
       "      <td>463419</td>\n",
       "      <td>468682</td>\n",
       "      <td>473890</td>\n",
       "      <td>478967</td>\n",
       "      <td>483901</td>\n",
       "      <td>488577</td>\n",
       "      <td>493198</td>\n",
       "    </tr>\n",
       "    <tr>\n",
       "      <td>644586</td>\n",
       "      <td>654892</td>\n",
       "      <td>665132</td>\n",
       "      <td>675222</td>\n",
       "      <td>685161</td>\n",
       "      <td>694985</td>\n",
       "      <td>704586</td>\n",
       "    </tr>\n",
       "    <tr>\n",
       "      <td>903432</td>\n",
       "      <td>912879</td>\n",
       "      <td>922088</td>\n",
       "      <td>930797</td>\n",
       "      <td>939409</td>\n",
       "      <td>947488</td>\n",
       "      <td>955411</td>\n",
       "    </tr>\n",
       "    <tr>\n",
       "      <td>1153773</td>\n",
       "      <td>1164018</td>\n",
       "      <td>1173781</td>\n",
       "      <td>1183204</td>\n",
       "      <td>1192110</td>\n",
       "      <td>1200612</td>\n",
       "      <td>1208594</td>\n",
       "    </tr>\n",
       "  </tbody>\n",
       "</table>\n",
       "</div>"
      ],
      "text/plain": [
       "            2015     2016     2017     2018     2019     2020\n",
       "2014                                                         \n",
       "129724    133391   137072   140890   144707   148606   152437\n",
       "210133    212265   214393   216515   218533   220412   222212\n",
       "234665    238386   241888   245387   248879   252288   255569\n",
       "436599    441102   445503   449680   453797   457671   461502\n",
       "441064    450226   459314   468509   477476   486715   495681\n",
       "463419    468682   473890   478967   483901   488577   493198\n",
       "644586    654892   665132   675222   685161   694985   704586\n",
       "903432    912879   922088   930797   939409   947488   955411\n",
       "1153773  1164018  1173781  1183204  1192110  1200612  1208594"
      ]
     },
     "execution_count": 24,
     "metadata": {},
     "output_type": "execute_result"
    }
   ],
   "source": [
    "iris.groupby('2014').mean()"
   ]
  },
  {
   "cell_type": "code",
   "execution_count": 25,
   "metadata": {},
   "outputs": [
    {
     "data": {
      "text/html": [
       "<div>\n",
       "<style scoped>\n",
       "    .dataframe tbody tr th:only-of-type {\n",
       "        vertical-align: middle;\n",
       "    }\n",
       "\n",
       "    .dataframe tbody tr th {\n",
       "        vertical-align: top;\n",
       "    }\n",
       "\n",
       "    .dataframe thead th {\n",
       "        text-align: right;\n",
       "    }\n",
       "</style>\n",
       "<table border=\"1\" class=\"dataframe\">\n",
       "  <thead>\n",
       "    <tr style=\"text-align: right;\">\n",
       "      <th></th>\n",
       "      <th>2014</th>\n",
       "      <th>2016</th>\n",
       "      <th>2017</th>\n",
       "      <th>2018</th>\n",
       "      <th>2019</th>\n",
       "      <th>2020</th>\n",
       "    </tr>\n",
       "    <tr>\n",
       "      <th>2015</th>\n",
       "      <th></th>\n",
       "      <th></th>\n",
       "      <th></th>\n",
       "      <th></th>\n",
       "      <th></th>\n",
       "      <th></th>\n",
       "    </tr>\n",
       "  </thead>\n",
       "  <tbody>\n",
       "    <tr>\n",
       "      <td>133391</td>\n",
       "      <td>129724</td>\n",
       "      <td>137072</td>\n",
       "      <td>140890</td>\n",
       "      <td>144707</td>\n",
       "      <td>148606</td>\n",
       "      <td>152437</td>\n",
       "    </tr>\n",
       "    <tr>\n",
       "      <td>212265</td>\n",
       "      <td>210133</td>\n",
       "      <td>214393</td>\n",
       "      <td>216515</td>\n",
       "      <td>218533</td>\n",
       "      <td>220412</td>\n",
       "      <td>222212</td>\n",
       "    </tr>\n",
       "    <tr>\n",
       "      <td>238386</td>\n",
       "      <td>234665</td>\n",
       "      <td>241888</td>\n",
       "      <td>245387</td>\n",
       "      <td>248879</td>\n",
       "      <td>252288</td>\n",
       "      <td>255569</td>\n",
       "    </tr>\n",
       "    <tr>\n",
       "      <td>441102</td>\n",
       "      <td>436599</td>\n",
       "      <td>445503</td>\n",
       "      <td>449680</td>\n",
       "      <td>453797</td>\n",
       "      <td>457671</td>\n",
       "      <td>461502</td>\n",
       "    </tr>\n",
       "    <tr>\n",
       "      <td>450226</td>\n",
       "      <td>441064</td>\n",
       "      <td>459314</td>\n",
       "      <td>468509</td>\n",
       "      <td>477476</td>\n",
       "      <td>486715</td>\n",
       "      <td>495681</td>\n",
       "    </tr>\n",
       "    <tr>\n",
       "      <td>468682</td>\n",
       "      <td>463419</td>\n",
       "      <td>473890</td>\n",
       "      <td>478967</td>\n",
       "      <td>483901</td>\n",
       "      <td>488577</td>\n",
       "      <td>493198</td>\n",
       "    </tr>\n",
       "    <tr>\n",
       "      <td>654892</td>\n",
       "      <td>644586</td>\n",
       "      <td>665132</td>\n",
       "      <td>675222</td>\n",
       "      <td>685161</td>\n",
       "      <td>694985</td>\n",
       "      <td>704586</td>\n",
       "    </tr>\n",
       "    <tr>\n",
       "      <td>912879</td>\n",
       "      <td>903432</td>\n",
       "      <td>922088</td>\n",
       "      <td>930797</td>\n",
       "      <td>939409</td>\n",
       "      <td>947488</td>\n",
       "      <td>955411</td>\n",
       "    </tr>\n",
       "    <tr>\n",
       "      <td>1164018</td>\n",
       "      <td>1153773</td>\n",
       "      <td>1173781</td>\n",
       "      <td>1183204</td>\n",
       "      <td>1192110</td>\n",
       "      <td>1200612</td>\n",
       "      <td>1208594</td>\n",
       "    </tr>\n",
       "  </tbody>\n",
       "</table>\n",
       "</div>"
      ],
      "text/plain": [
       "            2014     2016     2017     2018     2019     2020\n",
       "2015                                                         \n",
       "133391    129724   137072   140890   144707   148606   152437\n",
       "212265    210133   214393   216515   218533   220412   222212\n",
       "238386    234665   241888   245387   248879   252288   255569\n",
       "441102    436599   445503   449680   453797   457671   461502\n",
       "450226    441064   459314   468509   477476   486715   495681\n",
       "468682    463419   473890   478967   483901   488577   493198\n",
       "654892    644586   665132   675222   685161   694985   704586\n",
       "912879    903432   922088   930797   939409   947488   955411\n",
       "1164018  1153773  1173781  1183204  1192110  1200612  1208594"
      ]
     },
     "execution_count": 25,
     "metadata": {},
     "output_type": "execute_result"
    }
   ],
   "source": [
    "iris.groupby('2015').mean()"
   ]
  },
  {
   "cell_type": "code",
   "execution_count": 26,
   "metadata": {},
   "outputs": [
    {
     "data": {
      "text/html": [
       "<div>\n",
       "<style scoped>\n",
       "    .dataframe tbody tr th:only-of-type {\n",
       "        vertical-align: middle;\n",
       "    }\n",
       "\n",
       "    .dataframe tbody tr th {\n",
       "        vertical-align: top;\n",
       "    }\n",
       "\n",
       "    .dataframe thead th {\n",
       "        text-align: right;\n",
       "    }\n",
       "</style>\n",
       "<table border=\"1\" class=\"dataframe\">\n",
       "  <thead>\n",
       "    <tr style=\"text-align: right;\">\n",
       "      <th></th>\n",
       "      <th>2014</th>\n",
       "      <th>2015</th>\n",
       "      <th>2017</th>\n",
       "      <th>2018</th>\n",
       "      <th>2019</th>\n",
       "      <th>2020</th>\n",
       "    </tr>\n",
       "    <tr>\n",
       "      <th>2016</th>\n",
       "      <th></th>\n",
       "      <th></th>\n",
       "      <th></th>\n",
       "      <th></th>\n",
       "      <th></th>\n",
       "      <th></th>\n",
       "    </tr>\n",
       "  </thead>\n",
       "  <tbody>\n",
       "    <tr>\n",
       "      <td>137072</td>\n",
       "      <td>129724</td>\n",
       "      <td>133391</td>\n",
       "      <td>140890</td>\n",
       "      <td>144707</td>\n",
       "      <td>148606</td>\n",
       "      <td>152437</td>\n",
       "    </tr>\n",
       "    <tr>\n",
       "      <td>214393</td>\n",
       "      <td>210133</td>\n",
       "      <td>212265</td>\n",
       "      <td>216515</td>\n",
       "      <td>218533</td>\n",
       "      <td>220412</td>\n",
       "      <td>222212</td>\n",
       "    </tr>\n",
       "    <tr>\n",
       "      <td>241888</td>\n",
       "      <td>234665</td>\n",
       "      <td>238386</td>\n",
       "      <td>245387</td>\n",
       "      <td>248879</td>\n",
       "      <td>252288</td>\n",
       "      <td>255569</td>\n",
       "    </tr>\n",
       "    <tr>\n",
       "      <td>445503</td>\n",
       "      <td>436599</td>\n",
       "      <td>441102</td>\n",
       "      <td>449680</td>\n",
       "      <td>453797</td>\n",
       "      <td>457671</td>\n",
       "      <td>461502</td>\n",
       "    </tr>\n",
       "    <tr>\n",
       "      <td>459314</td>\n",
       "      <td>441064</td>\n",
       "      <td>450226</td>\n",
       "      <td>468509</td>\n",
       "      <td>477476</td>\n",
       "      <td>486715</td>\n",
       "      <td>495681</td>\n",
       "    </tr>\n",
       "    <tr>\n",
       "      <td>473890</td>\n",
       "      <td>463419</td>\n",
       "      <td>468682</td>\n",
       "      <td>478967</td>\n",
       "      <td>483901</td>\n",
       "      <td>488577</td>\n",
       "      <td>493198</td>\n",
       "    </tr>\n",
       "    <tr>\n",
       "      <td>665132</td>\n",
       "      <td>644586</td>\n",
       "      <td>654892</td>\n",
       "      <td>675222</td>\n",
       "      <td>685161</td>\n",
       "      <td>694985</td>\n",
       "      <td>704586</td>\n",
       "    </tr>\n",
       "    <tr>\n",
       "      <td>922088</td>\n",
       "      <td>903432</td>\n",
       "      <td>912879</td>\n",
       "      <td>930797</td>\n",
       "      <td>939409</td>\n",
       "      <td>947488</td>\n",
       "      <td>955411</td>\n",
       "    </tr>\n",
       "    <tr>\n",
       "      <td>1173781</td>\n",
       "      <td>1153773</td>\n",
       "      <td>1164018</td>\n",
       "      <td>1183204</td>\n",
       "      <td>1192110</td>\n",
       "      <td>1200612</td>\n",
       "      <td>1208594</td>\n",
       "    </tr>\n",
       "  </tbody>\n",
       "</table>\n",
       "</div>"
      ],
      "text/plain": [
       "            2014     2015     2017     2018     2019     2020\n",
       "2016                                                         \n",
       "137072    129724   133391   140890   144707   148606   152437\n",
       "214393    210133   212265   216515   218533   220412   222212\n",
       "241888    234665   238386   245387   248879   252288   255569\n",
       "445503    436599   441102   449680   453797   457671   461502\n",
       "459314    441064   450226   468509   477476   486715   495681\n",
       "473890    463419   468682   478967   483901   488577   493198\n",
       "665132    644586   654892   675222   685161   694985   704586\n",
       "922088    903432   912879   930797   939409   947488   955411\n",
       "1173781  1153773  1164018  1183204  1192110  1200612  1208594"
      ]
     },
     "execution_count": 26,
     "metadata": {},
     "output_type": "execute_result"
    }
   ],
   "source": [
    "iris.groupby('2016').mean()"
   ]
  },
  {
   "cell_type": "code",
   "execution_count": 27,
   "metadata": {},
   "outputs": [
    {
     "data": {
      "text/html": [
       "<div>\n",
       "<style scoped>\n",
       "    .dataframe tbody tr th:only-of-type {\n",
       "        vertical-align: middle;\n",
       "    }\n",
       "\n",
       "    .dataframe tbody tr th {\n",
       "        vertical-align: top;\n",
       "    }\n",
       "\n",
       "    .dataframe thead th {\n",
       "        text-align: right;\n",
       "    }\n",
       "</style>\n",
       "<table border=\"1\" class=\"dataframe\">\n",
       "  <thead>\n",
       "    <tr style=\"text-align: right;\">\n",
       "      <th></th>\n",
       "      <th>2014</th>\n",
       "      <th>2015</th>\n",
       "      <th>2016</th>\n",
       "      <th>2018</th>\n",
       "      <th>2019</th>\n",
       "      <th>2020</th>\n",
       "    </tr>\n",
       "    <tr>\n",
       "      <th>2017</th>\n",
       "      <th></th>\n",
       "      <th></th>\n",
       "      <th></th>\n",
       "      <th></th>\n",
       "      <th></th>\n",
       "      <th></th>\n",
       "    </tr>\n",
       "  </thead>\n",
       "  <tbody>\n",
       "    <tr>\n",
       "      <td>140890</td>\n",
       "      <td>129724</td>\n",
       "      <td>133391</td>\n",
       "      <td>137072</td>\n",
       "      <td>144707</td>\n",
       "      <td>148606</td>\n",
       "      <td>152437</td>\n",
       "    </tr>\n",
       "    <tr>\n",
       "      <td>216515</td>\n",
       "      <td>210133</td>\n",
       "      <td>212265</td>\n",
       "      <td>214393</td>\n",
       "      <td>218533</td>\n",
       "      <td>220412</td>\n",
       "      <td>222212</td>\n",
       "    </tr>\n",
       "    <tr>\n",
       "      <td>245387</td>\n",
       "      <td>234665</td>\n",
       "      <td>238386</td>\n",
       "      <td>241888</td>\n",
       "      <td>248879</td>\n",
       "      <td>252288</td>\n",
       "      <td>255569</td>\n",
       "    </tr>\n",
       "    <tr>\n",
       "      <td>449680</td>\n",
       "      <td>436599</td>\n",
       "      <td>441102</td>\n",
       "      <td>445503</td>\n",
       "      <td>453797</td>\n",
       "      <td>457671</td>\n",
       "      <td>461502</td>\n",
       "    </tr>\n",
       "    <tr>\n",
       "      <td>468509</td>\n",
       "      <td>441064</td>\n",
       "      <td>450226</td>\n",
       "      <td>459314</td>\n",
       "      <td>477476</td>\n",
       "      <td>486715</td>\n",
       "      <td>495681</td>\n",
       "    </tr>\n",
       "    <tr>\n",
       "      <td>478967</td>\n",
       "      <td>463419</td>\n",
       "      <td>468682</td>\n",
       "      <td>473890</td>\n",
       "      <td>483901</td>\n",
       "      <td>488577</td>\n",
       "      <td>493198</td>\n",
       "    </tr>\n",
       "    <tr>\n",
       "      <td>675222</td>\n",
       "      <td>644586</td>\n",
       "      <td>654892</td>\n",
       "      <td>665132</td>\n",
       "      <td>685161</td>\n",
       "      <td>694985</td>\n",
       "      <td>704586</td>\n",
       "    </tr>\n",
       "    <tr>\n",
       "      <td>930797</td>\n",
       "      <td>903432</td>\n",
       "      <td>912879</td>\n",
       "      <td>922088</td>\n",
       "      <td>939409</td>\n",
       "      <td>947488</td>\n",
       "      <td>955411</td>\n",
       "    </tr>\n",
       "    <tr>\n",
       "      <td>1183204</td>\n",
       "      <td>1153773</td>\n",
       "      <td>1164018</td>\n",
       "      <td>1173781</td>\n",
       "      <td>1192110</td>\n",
       "      <td>1200612</td>\n",
       "      <td>1208594</td>\n",
       "    </tr>\n",
       "  </tbody>\n",
       "</table>\n",
       "</div>"
      ],
      "text/plain": [
       "            2014     2015     2016     2018     2019     2020\n",
       "2017                                                         \n",
       "140890    129724   133391   137072   144707   148606   152437\n",
       "216515    210133   212265   214393   218533   220412   222212\n",
       "245387    234665   238386   241888   248879   252288   255569\n",
       "449680    436599   441102   445503   453797   457671   461502\n",
       "468509    441064   450226   459314   477476   486715   495681\n",
       "478967    463419   468682   473890   483901   488577   493198\n",
       "675222    644586   654892   665132   685161   694985   704586\n",
       "930797    903432   912879   922088   939409   947488   955411\n",
       "1183204  1153773  1164018  1173781  1192110  1200612  1208594"
      ]
     },
     "execution_count": 27,
     "metadata": {},
     "output_type": "execute_result"
    }
   ],
   "source": [
    "iris.groupby('2017').mean()"
   ]
  },
  {
   "cell_type": "code",
   "execution_count": 28,
   "metadata": {},
   "outputs": [
    {
     "data": {
      "text/html": [
       "<div>\n",
       "<style scoped>\n",
       "    .dataframe tbody tr th:only-of-type {\n",
       "        vertical-align: middle;\n",
       "    }\n",
       "\n",
       "    .dataframe tbody tr th {\n",
       "        vertical-align: top;\n",
       "    }\n",
       "\n",
       "    .dataframe thead th {\n",
       "        text-align: right;\n",
       "    }\n",
       "</style>\n",
       "<table border=\"1\" class=\"dataframe\">\n",
       "  <thead>\n",
       "    <tr style=\"text-align: right;\">\n",
       "      <th></th>\n",
       "      <th>2014</th>\n",
       "      <th>2015</th>\n",
       "      <th>2016</th>\n",
       "      <th>2017</th>\n",
       "      <th>2019</th>\n",
       "      <th>2020</th>\n",
       "    </tr>\n",
       "    <tr>\n",
       "      <th>2018</th>\n",
       "      <th></th>\n",
       "      <th></th>\n",
       "      <th></th>\n",
       "      <th></th>\n",
       "      <th></th>\n",
       "      <th></th>\n",
       "    </tr>\n",
       "  </thead>\n",
       "  <tbody>\n",
       "    <tr>\n",
       "      <td>144707</td>\n",
       "      <td>129724</td>\n",
       "      <td>133391</td>\n",
       "      <td>137072</td>\n",
       "      <td>140890</td>\n",
       "      <td>148606</td>\n",
       "      <td>152437</td>\n",
       "    </tr>\n",
       "    <tr>\n",
       "      <td>218533</td>\n",
       "      <td>210133</td>\n",
       "      <td>212265</td>\n",
       "      <td>214393</td>\n",
       "      <td>216515</td>\n",
       "      <td>220412</td>\n",
       "      <td>222212</td>\n",
       "    </tr>\n",
       "    <tr>\n",
       "      <td>248879</td>\n",
       "      <td>234665</td>\n",
       "      <td>238386</td>\n",
       "      <td>241888</td>\n",
       "      <td>245387</td>\n",
       "      <td>252288</td>\n",
       "      <td>255569</td>\n",
       "    </tr>\n",
       "    <tr>\n",
       "      <td>453797</td>\n",
       "      <td>436599</td>\n",
       "      <td>441102</td>\n",
       "      <td>445503</td>\n",
       "      <td>449680</td>\n",
       "      <td>457671</td>\n",
       "      <td>461502</td>\n",
       "    </tr>\n",
       "    <tr>\n",
       "      <td>477476</td>\n",
       "      <td>441064</td>\n",
       "      <td>450226</td>\n",
       "      <td>459314</td>\n",
       "      <td>468509</td>\n",
       "      <td>486715</td>\n",
       "      <td>495681</td>\n",
       "    </tr>\n",
       "    <tr>\n",
       "      <td>483901</td>\n",
       "      <td>463419</td>\n",
       "      <td>468682</td>\n",
       "      <td>473890</td>\n",
       "      <td>478967</td>\n",
       "      <td>488577</td>\n",
       "      <td>493198</td>\n",
       "    </tr>\n",
       "    <tr>\n",
       "      <td>685161</td>\n",
       "      <td>644586</td>\n",
       "      <td>654892</td>\n",
       "      <td>665132</td>\n",
       "      <td>675222</td>\n",
       "      <td>694985</td>\n",
       "      <td>704586</td>\n",
       "    </tr>\n",
       "    <tr>\n",
       "      <td>939409</td>\n",
       "      <td>903432</td>\n",
       "      <td>912879</td>\n",
       "      <td>922088</td>\n",
       "      <td>930797</td>\n",
       "      <td>947488</td>\n",
       "      <td>955411</td>\n",
       "    </tr>\n",
       "    <tr>\n",
       "      <td>1192110</td>\n",
       "      <td>1153773</td>\n",
       "      <td>1164018</td>\n",
       "      <td>1173781</td>\n",
       "      <td>1183204</td>\n",
       "      <td>1200612</td>\n",
       "      <td>1208594</td>\n",
       "    </tr>\n",
       "  </tbody>\n",
       "</table>\n",
       "</div>"
      ],
      "text/plain": [
       "            2014     2015     2016     2017     2019     2020\n",
       "2018                                                         \n",
       "144707    129724   133391   137072   140890   148606   152437\n",
       "218533    210133   212265   214393   216515   220412   222212\n",
       "248879    234665   238386   241888   245387   252288   255569\n",
       "453797    436599   441102   445503   449680   457671   461502\n",
       "477476    441064   450226   459314   468509   486715   495681\n",
       "483901    463419   468682   473890   478967   488577   493198\n",
       "685161    644586   654892   665132   675222   694985   704586\n",
       "939409    903432   912879   922088   930797   947488   955411\n",
       "1192110  1153773  1164018  1173781  1183204  1200612  1208594"
      ]
     },
     "execution_count": 28,
     "metadata": {},
     "output_type": "execute_result"
    }
   ],
   "source": [
    "iris.groupby('2018').mean()"
   ]
  },
  {
   "cell_type": "code",
   "execution_count": 29,
   "metadata": {},
   "outputs": [
    {
     "data": {
      "text/html": [
       "<div>\n",
       "<style scoped>\n",
       "    .dataframe tbody tr th:only-of-type {\n",
       "        vertical-align: middle;\n",
       "    }\n",
       "\n",
       "    .dataframe tbody tr th {\n",
       "        vertical-align: top;\n",
       "    }\n",
       "\n",
       "    .dataframe thead th {\n",
       "        text-align: right;\n",
       "    }\n",
       "</style>\n",
       "<table border=\"1\" class=\"dataframe\">\n",
       "  <thead>\n",
       "    <tr style=\"text-align: right;\">\n",
       "      <th></th>\n",
       "      <th>2014</th>\n",
       "      <th>2015</th>\n",
       "      <th>2016</th>\n",
       "      <th>2017</th>\n",
       "      <th>2018</th>\n",
       "      <th>2020</th>\n",
       "    </tr>\n",
       "    <tr>\n",
       "      <th>2019</th>\n",
       "      <th></th>\n",
       "      <th></th>\n",
       "      <th></th>\n",
       "      <th></th>\n",
       "      <th></th>\n",
       "      <th></th>\n",
       "    </tr>\n",
       "  </thead>\n",
       "  <tbody>\n",
       "    <tr>\n",
       "      <td>148606</td>\n",
       "      <td>129724</td>\n",
       "      <td>133391</td>\n",
       "      <td>137072</td>\n",
       "      <td>140890</td>\n",
       "      <td>144707</td>\n",
       "      <td>152437</td>\n",
       "    </tr>\n",
       "    <tr>\n",
       "      <td>220412</td>\n",
       "      <td>210133</td>\n",
       "      <td>212265</td>\n",
       "      <td>214393</td>\n",
       "      <td>216515</td>\n",
       "      <td>218533</td>\n",
       "      <td>222212</td>\n",
       "    </tr>\n",
       "    <tr>\n",
       "      <td>252288</td>\n",
       "      <td>234665</td>\n",
       "      <td>238386</td>\n",
       "      <td>241888</td>\n",
       "      <td>245387</td>\n",
       "      <td>248879</td>\n",
       "      <td>255569</td>\n",
       "    </tr>\n",
       "    <tr>\n",
       "      <td>457671</td>\n",
       "      <td>436599</td>\n",
       "      <td>441102</td>\n",
       "      <td>445503</td>\n",
       "      <td>449680</td>\n",
