{
 "cells": [
  {
   "cell_type": "code",
   "execution_count": 44,
   "metadata": {},
   "outputs": [],
   "source": [
    "import pandas as pd"
   ]
  },
  {
   "cell_type": "code",
   "execution_count": 45,
   "metadata": {},
   "outputs": [],
   "source": [
    "iris = pd.read_csv('https://raw.githubusercontent.com/RifqiRoidDhiaulhaq/Tugas-Phyton-02/master/Data%20Jumlah%20Penduduk%20Nusa%20Tenggara%20Barat%20Tahun%202014-2020.csv')"
   ]
  },
  {
   "cell_type": "code",
   "execution_count": 46,
   "metadata": {},
   "outputs": [
    {
     "data": {
      "text/html": [
       "<div>\n",
       "<style scoped>\n",
       "    .dataframe tbody tr th:only-of-type {\n",
       "        vertical-align: middle;\n",
       "    }\n",
       "\n",
       "    .dataframe tbody tr th {\n",
       "        vertical-align: top;\n",
       "    }\n",
       "\n",
       "    .dataframe thead th {\n",
       "        text-align: right;\n",
       "    }\n",
       "</style>\n",
       "<table border=\"1\" class=\"dataframe\">\n",
       "  <thead>\n",
       "    <tr style=\"text-align: right;\">\n",
       "      <th></th>\n",
       "      <th>Tahun</th>\n",
       "      <th>Lombok Barat</th>\n",
       "      <th>Lombok Tengah</th>\n",
       "      <th>Lombok Timur</th>\n",
       "      <th>Sumbawa</th>\n",
       "      <th>Dompu</th>\n",
       "      <th>Bima</th>\n",
       "      <th>Sumbawa Barat</th>\n",
       "      <th>Lombok Utara</th>\n",
       "      <th>Kota Mataram</th>\n",
       "    </tr>\n",
       "  </thead>\n",
       "  <tbody>\n",
       "    <tr>\n",
       "      <td>0</td>\n",
       "      <td>2014</td>\n",
       "      <td>644586</td>\n",
       "      <td>903432</td>\n",
       "      <td>1153773</td>\n",
       "      <td>436599</td>\n",
       "      <td>234665</td>\n",
       "      <td>463419</td>\n",
       "      <td>129724</td>\n",
       "      <td>210133</td>\n",
       "      <td>441064</td>\n",
       "    </tr>\n",
       "    <tr>\n",
       "      <td>1</td>\n",
       "      <td>2015</td>\n",
       "      <td>654892</td>\n",
       "      <td>912879</td>\n",
       "      <td>1164018</td>\n",
       "      <td>441102</td>\n",
       "      <td>238386</td>\n",
       "      <td>468682</td>\n",
       "      <td>133391</td>\n",
       "      <td>212265</td>\n",
       "      <td>450226</td>\n",
       "    </tr>\n",
       "    <tr>\n",
       "      <td>2</td>\n",
       "      <td>2016</td>\n",
       "      <td>665132</td>\n",
       "      <td>922088</td>\n",
       "      <td>1173781</td>\n",
       "      <td>445503</td>\n",
       "      <td>241888</td>\n",
       "      <td>473890</td>\n",
       "      <td>137072</td>\n",
       "      <td>214393</td>\n",
       "      <td>459314</td>\n",
       "    </tr>\n",
       "    <tr>\n",
       "      <td>3</td>\n",
       "      <td>2017</td>\n",
       "      <td>675222</td>\n",
       "      <td>930797</td>\n",
       "      <td>1183204</td>\n",
       "      <td>449680</td>\n",
       "      <td>245387</td>\n",
       "      <td>478967</td>\n",
       "      <td>140890</td>\n",
       "      <td>216515</td>\n",
       "      <td>468509</td>\n",
       "    </tr>\n",
       "    <tr>\n",
       "      <td>4</td>\n",
       "      <td>2018</td>\n",
       "      <td>685161</td>\n",
       "      <td>939409</td>\n",
       "      <td>1192110</td>\n",
       "      <td>453797</td>\n",
       "      <td>248879</td>\n",
       "      <td>483901</td>\n",
       "      <td>144707</td>\n",
       "      <td>218533</td>\n",
       "      <td>477476</td>\n",
       "    </tr>\n",
       "  </tbody>\n",
       "</table>\n",
       "</div>"
      ],
      "text/plain": [
       "   Tahun  Lombok Barat  Lombok Tengah  Lombok Timur  Sumbawa   Dompu    Bima  \\\n",
       "0   2014        644586         903432       1153773   436599  234665  463419   \n",
       "1   2015        654892         912879       1164018   441102  238386  468682   \n",
       "2   2016        665132         922088       1173781   445503  241888  473890   \n",
       "3   2017        675222         930797       1183204   449680  245387  478967   \n",
       "4   2018        685161         939409       1192110   453797  248879  483901   \n",
       "\n",
       "   Sumbawa Barat  Lombok Utara  Kota Mataram  \n",
       "0         129724        210133        441064  \n",
       "1         133391        212265        450226  \n",
       "2         137072        214393        459314  \n",
       "3         140890        216515        468509  \n",
       "4         144707        218533        477476  "
      ]
     },
     "execution_count": 46,
     "metadata": {},
     "output_type": "execute_result"
    }
   ],
   "source": [
    "iris.head()"
   ]
  },
  {
   "cell_type": "code",
   "execution_count": 47,
   "metadata": {},
   "outputs": [
    {
     "data": {
      "text/html": [
       "<div>\n",
       "<style scoped>\n",
       "    .dataframe tbody tr th:only-of-type {\n",
       "        vertical-align: middle;\n",
       "    }\n",
       "\n",
       "    .dataframe tbody tr th {\n",
       "        vertical-align: top;\n",
       "    }\n",
       "\n",
       "    .dataframe thead th {\n",
       "        text-align: right;\n",
       "    }\n",
       "</style>\n",
       "<table border=\"1\" class=\"dataframe\">\n",
       "  <thead>\n",
       "    <tr style=\"text-align: right;\">\n",
       "      <th></th>\n",
       "      <th>Tahun</th>\n",
       "      <th>Lombok Barat</th>\n",
       "      <th>Lombok Tengah</th>\n",
       "      <th>Lombok Timur</th>\n",
       "      <th>Sumbawa</th>\n",
       "      <th>Dompu</th>\n",
       "      <th>Bima</th>\n",
       "      <th>Sumbawa Barat</th>\n",
       "      <th>Lombok Utara</th>\n",
       "      <th>Kota Mataram</th>\n",
       "    </tr>\n",
       "  </thead>\n",
       "  <tbody>\n",
       "    <tr>\n",
       "      <td>2</td>\n",
       "      <td>2016</td>\n",
       "      <td>665132</td>\n",
       "      <td>922088</td>\n",
       "      <td>1173781</td>\n",
       "      <td>445503</td>\n",
       "      <td>241888</td>\n",
       "      <td>473890</td>\n",
       "      <td>137072</td>\n",
       "      <td>214393</td>\n",
       "      <td>459314</td>\n",
       "    </tr>\n",
       "    <tr>\n",
       "      <td>3</td>\n",
       "      <td>2017</td>\n",
       "      <td>675222</td>\n",
       "      <td>930797</td>\n",
       "      <td>1183204</td>\n",
       "      <td>449680</td>\n",
       "      <td>245387</td>\n",
       "      <td>478967</td>\n",
       "      <td>140890</td>\n",
       "      <td>216515</td>\n",
       "      <td>468509</td>\n",
       "    </tr>\n",
       "    <tr>\n",
       "      <td>4</td>\n",
       "      <td>2018</td>\n",
       "      <td>685161</td>\n",
       "      <td>939409</td>\n",
       "      <td>1192110</td>\n",
       "      <td>453797</td>\n",
       "      <td>248879</td>\n",
       "      <td>483901</td>\n",
       "      <td>144707</td>\n",
       "      <td>218533</td>\n",
       "      <td>477476</td>\n",
       "    </tr>\n",
       "    <tr>\n",
       "      <td>5</td>\n",
       "      <td>2019</td>\n",
       "      <td>694985</td>\n",
       "      <td>947488</td>\n",
       "      <td>1200612</td>\n",
       "      <td>457671</td>\n",
       "      <td>252288</td>\n",
       "      <td>488577</td>\n",
       "      <td>148606</td>\n",
       "      <td>220412</td>\n",
       "      <td>486715</td>\n",
       "    </tr>\n",
       "    <tr>\n",
       "      <td>6</td>\n",
       "      <td>2020</td>\n",
       "      <td>704586</td>\n",
       "      <td>955411</td>\n",
       "      <td>1208594</td>\n",
       "      <td>461502</td>\n",
       "      <td>255569</td>\n",
       "      <td>493198</td>\n",
       "      <td>152437</td>\n",
       "      <td>222212</td>\n",
       "      <td>495681</td>\n",
       "    </tr>\n",
       "  </tbody>\n",
       "</table>\n",
       "</div>"
      ],
      "text/plain": [
       "   Tahun  Lombok Barat  Lombok Tengah  Lombok Timur  Sumbawa   Dompu    Bima  \\\n",
       "2   2016        665132         922088       1173781   445503  241888  473890   \n",
       "3   2017        675222         930797       1183204   449680  245387  478967   \n",
       "4   2018        685161         939409       1192110   453797  248879  483901   \n",
       "5   2019        694985         947488       1200612   457671  252288  488577   \n",
       "6   2020        704586         955411       1208594   461502  255569  493198   \n",
       "\n",
       "   Sumbawa Barat  Lombok Utara  Kota Mataram  \n",
       "2         137072        214393        459314  \n",
       "3         140890        216515        468509  \n",
       "4         144707        218533        477476  \n",
       "5         148606        220412        486715  \n",
       "6         152437        222212        495681  "
      ]
     },
     "execution_count": 47,
     "metadata": {},
     "output_type": "execute_result"
    }
   ],
   "source": [
    "iris.tail()"
   ]
  },
  {
   "cell_type": "code",
   "execution_count": 48,
   "metadata": {},
   "outputs": [
    {
     "name": "stdout",
     "output_type": "stream",
     "text": [
      "<class 'pandas.core.frame.DataFrame'>\n",
      "RangeIndex: 7 entries, 0 to 6\n",
      "Data columns (total 10 columns):\n",
      "Tahun            7 non-null int64\n",
      "Lombok Barat     7 non-null int64\n",
      "Lombok Tengah    7 non-null int64\n",
      "Lombok Timur     7 non-null int64\n",
      "Sumbawa          7 non-null int64\n",
      "Dompu            7 non-null int64\n",
      "Bima             7 non-null int64\n",
      "Sumbawa Barat    7 non-null int64\n",
      "Lombok Utara     7 non-null int64\n",
      "Kota Mataram     7 non-null int64\n",
      "dtypes: int64(10)\n",
      "memory usage: 688.0 bytes\n"
     ]
    }
   ],
   "source": [
    "iris.info()"
   ]
  },
  {
   "cell_type": "code",
   "execution_count": 49,
   "metadata": {},
   "outputs": [
    {
     "data": {
      "text/html": [
       "<div>\n",
       "<style scoped>\n",
       "    .dataframe tbody tr th:only-of-type {\n",
       "        vertical-align: middle;\n",
       "    }\n",
       "\n",
       "    .dataframe tbody tr th {\n",
       "        vertical-align: top;\n",
       "    }\n",
       "\n",
       "    .dataframe thead th {\n",
       "        text-align: right;\n",
       "    }\n",
       "</style>\n",
       "<table border=\"1\" class=\"dataframe\">\n",
       "  <thead>\n",
       "    <tr style=\"text-align: right;\">\n",
       "      <th></th>\n",
       "      <th>Tahun</th>\n",
       "      <th>Lombok Barat</th>\n",
       "      <th>Lombok Tengah</th>\n",
       "      <th>Lombok Timur</th>\n",
       "      <th>Sumbawa</th>\n",
       "      <th>Dompu</th>\n",
       "      <th>Bima</th>\n",
       "      <th>Sumbawa Barat</th>\n",
       "      <th>Lombok Utara</th>\n",
       "      <th>Kota Mataram</th>\n",
       "    </tr>\n",
       "  </thead>\n",
       "  <tbody>\n",
       "    <tr>\n",
       "      <td>count</td>\n",
       "      <td>7.000000</td>\n",
       "      <td>7.000000</td>\n",
       "      <td>7.000000</td>\n",
       "      <td>7.000000e+00</td>\n",
       "      <td>7.000000</td>\n",
       "      <td>7.000000</td>\n",
       "      <td>7.000000</td>\n",
       "      <td>7.000000</td>\n",
       "      <td>7.000000</td>\n",
       "      <td>7.000000</td>\n",
       "    </tr>\n",
       "    <tr>\n",
       "      <td>mean</td>\n",
       "      <td>2017.000000</td>\n",
       "      <td>674937.714286</td>\n",
       "      <td>930214.857143</td>\n",
       "      <td>1.182299e+06</td>\n",
       "      <td>449407.714286</td>\n",
       "      <td>245294.571429</td>\n",
       "      <td>478662.000000</td>\n",
       "      <td>140975.285714</td>\n",
       "      <td>216351.857143</td>\n",
       "      <td>468426.428571</td>\n",
       "    </tr>\n",
       "    <tr>\n",
       "      <td>std</td>\n",
       "      <td>2.160247</td>\n",
       "      <td>21620.669715</td>\n",
       "      <td>18717.092985</td>\n",
       "      <td>1.976677e+04</td>\n",
       "      <td>8964.638415</td>\n",
       "      <td>7523.845135</td>\n",
       "      <td>10738.281209</td>\n",
       "      <td>8194.308181</td>\n",
       "      <td>4374.618857</td>\n",
       "      <td>19673.076025</td>\n",
       "    </tr>\n",
       "    <tr>\n",
       "      <td>min</td>\n",
       "      <td>2014.000000</td>\n",
       "      <td>644586.000000</td>\n",
       "      <td>903432.000000</td>\n",
       "      <td>1.153773e+06</td>\n",
       "      <td>436599.000000</td>\n",
       "      <td>234665.000000</td>\n",
       "      <td>463419.000000</td>\n",
       "      <td>129724.000000</td>\n",
       "      <td>210133.000000</td>\n",
       "      <td>441064.000000</td>\n",
       "    </tr>\n",
       "    <tr>\n",
       "      <td>25%</td>\n",
       "      <td>2015.500000</td>\n",
       "      <td>660012.000000</td>\n",
       "      <td>917483.500000</td>\n",
       "      <td>1.168900e+06</td>\n",
       "      <td>443302.500000</td>\n",
       "      <td>240137.000000</td>\n",
       "      <td>471286.000000</td>\n",
       "      <td>135231.500000</td>\n",
       "      <td>213329.000000</td>\n",
       "      <td>454770.000000</td>\n",
       "    </tr>\n",
       "    <tr>\n",
       "      <td>50%</td>\n",
       "      <td>2017.000000</td>\n",
       "      <td>675222.000000</td>\n",
       "      <td>930797.000000</td>\n",
       "      <td>1.183204e+06</td>\n",
       "      <td>449680.000000</td>\n",
       "      <td>245387.000000</td>\n",
       "      <td>478967.000000</td>\n",
       "      <td>140890.000000</td>\n",
       "      <td>216515.000000</td>\n",
       "      <td>468509.000000</td>\n",
       "    </tr>\n",
       "    <tr>\n",
       "      <td>75%</td>\n",
       "      <td>2018.500000</td>\n",
       "      <td>690073.000000</td>\n",
       "      <td>943448.500000</td>\n",
       "      <td>1.196361e+06</td>\n",
       "      <td>455734.000000</td>\n",
       "      <td>250583.500000</td>\n",
       "      <td>486239.000000</td>\n",
       "      <td>146656.500000</td>\n",
       "      <td>219472.500000</td>\n",
       "      <td>482095.500000</td>\n",
       "    </tr>\n",
       "    <tr>\n",
       "      <td>max</td>\n",
       "      <td>2020.000000</td>\n",
       "      <td>704586.000000</td>\n",
       "      <td>955411.000000</td>\n",
       "      <td>1.208594e+06</td>\n",
       "      <td>461502.000000</td>\n",
       "      <td>255569.000000</td>\n",
       "      <td>493198.000000</td>\n",
       "      <td>152437.000000</td>\n",
       "      <td>222212.000000</td>\n",
       "      <td>495681.000000</td>\n",
       "    </tr>\n",
       "  </tbody>\n",
       "</table>\n",
       "</div>"
      ],
      "text/plain": [
       "             Tahun   Lombok Barat  Lombok Tengah  Lombok Timur        Sumbawa  \\\n",
       "count     7.000000       7.000000       7.000000  7.000000e+00       7.000000   \n",
       "mean   2017.000000  674937.714286  930214.857143  1.182299e+06  449407.714286   \n",
       "std       2.160247   21620.669715   18717.092985  1.976677e+04    8964.638415   \n",
       "min    2014.000000  644586.000000  903432.000000  1.153773e+06  436599.000000   \n",
       "25%    2015.500000  660012.000000  917483.500000  1.168900e+06  443302.500000   \n",
       "50%    2017.000000  675222.000000  930797.000000  1.183204e+06  449680.000000   \n",
       "75%    2018.500000  690073.000000  943448.500000  1.196361e+06  455734.000000   \n",
       "max    2020.000000  704586.000000  955411.000000  1.208594e+06  461502.000000   \n",
       "\n",
       "               Dompu           Bima  Sumbawa Barat   Lombok Utara  \\\n",
       "count       7.000000       7.000000       7.000000       7.000000   \n",
       "mean   245294.571429  478662.000000  140975.285714  216351.857143   \n",
       "std      7523.845135   10738.281209    8194.308181    4374.618857   \n",
       "min    234665.000000  463419.000000  129724.000000  210133.000000   \n",
       "25%    240137.000000  471286.000000  135231.500000  213329.000000   \n",
       "50%    245387.000000  478967.000000  140890.000000  216515.000000   \n",
       "75%    250583.500000  486239.000000  146656.500000  219472.500000   \n",
       "max    255569.000000  493198.000000  152437.000000  222212.000000   \n",
       "\n",
       "        Kota Mataram  \n",
       "count       7.000000  \n",
       "mean   468426.428571  \n",
       "std     19673.076025  \n",
       "min    441064.000000  \n",
       "25%    454770.000000  \n",
       "50%    468509.000000  \n",
       "75%    482095.500000  \n",
       "max    495681.000000  "
      ]
     },
     "execution_count": 49,
     "metadata": {},
     "output_type": "execute_result"
    }
   ],
   "source": [
    "iris.describe()"
   ]
  },
  {
   "cell_type": "code",
   "execution_count": 51,
   "metadata": {},
   "outputs": [
    {
     "data": {
      "text/html": [
       "<div>\n",
       "<style scoped>\n",
       "    .dataframe tbody tr th:only-of-type {\n",
       "        vertical-align: middle;\n",
       "    }\n",
       "\n",
       "    .dataframe tbody tr th {\n",
       "        vertical-align: top;\n",
       "    }\n",
       "\n",
       "    .dataframe thead th {\n",
       "        text-align: right;\n",
       "    }\n",
       "</style>\n",
       "<table border=\"1\" class=\"dataframe\">\n",
       "  <thead>\n",
       "    <tr style=\"text-align: right;\">\n",
       "      <th></th>\n",
       "      <th>Tahun</th>\n",
       "      <th>Lombok Tengah</th>\n",
       "      <th>Lombok Timur</th>\n",
       "      <th>Sumbawa</th>\n",
       "      <th>Dompu</th>\n",
       "      <th>Bima</th>\n",
       "      <th>Sumbawa Barat</th>\n",
       "      <th>Lombok Utara</th>\n",
       "      <th>Kota Mataram</th>\n",
       "    </tr>\n",
       "    <tr>\n",
       "      <th>Lombok Barat</th>\n",
       "      <th></th>\n",
       "      <th></th>\n",
       "      <th></th>\n",
       "      <th></th>\n",
       "      <th></th>\n",
       "      <th></th>\n",
       "      <th></th>\n",
       "      <th></th>\n",
       "      <th></th>\n",
       "    </tr>\n",
       "  </thead>\n",
       "  <tbody>\n",
       "    <tr>\n",
       "      <td>644586</td>\n",
       "      <td>2014</td>\n",
       "      <td>903432</td>\n",
       "      <td>1153773</td>\n",
       "      <td>436599</td>\n",
       "      <td>234665</td>\n",
       "      <td>463419</td>\n",
       "      <td>129724</td>\n",
       "      <td>210133</td>\n",
       "      <td>441064</td>\n",
       "    </tr>\n",
       "    <tr>\n",
       "      <td>654892</td>\n",
       "      <td>2015</td>\n",
       "      <td>912879</td>\n",
       "      <td>1164018</td>\n",
       "      <td>441102</td>\n",
       "      <td>238386</td>\n",
       "      <td>468682</td>\n",
       "      <td>133391</td>\n",
       "      <td>212265</td>\n",
       "      <td>450226</td>\n",
       "    </tr>\n",
       "    <tr>\n",
       "      <td>665132</td>\n",
       "      <td>2016</td>\n",
       "      <td>922088</td>\n",
       "      <td>1173781</td>\n",
       "      <td>445503</td>\n",
       "      <td>241888</td>\n",
       "      <td>473890</td>\n",
       "      <td>137072</td>\n",
       "      <td>214393</td>\n",
       "      <td>459314</td>\n",
       "    </tr>\n",
       "    <tr>\n",
       "      <td>675222</td>\n",
       "      <td>2017</td>\n",
       "      <td>930797</td>\n",
       "      <td>1183204</td>\n",
       "      <td>449680</td>\n",
       "      <td>245387</td>\n",
       "      <td>478967</td>\n",
       "      <td>140890</td>\n",
       "      <td>216515</td>\n",
       "      <td>468509</td>\n",
       "    </tr>\n",
       "    <tr>\n",
       "      <td>685161</td>\n",
       "      <td>2018</td>\n",
       "      <td>939409</td>\n",
       "      <td>1192110</td>\n",
       "      <td>453797</td>\n",
       "      <td>248879</td>\n",
       "      <td>483901</td>\n",
       "      <td>144707</td>\n",
       "      <td>218533</td>\n",
       "      <td>477476</td>\n",
       "    </tr>\n",
       "    <tr>\n",
       "      <td>694985</td>\n",
       "      <td>2019</td>\n",
       "      <td>947488</td>\n",
       "      <td>1200612</td>\n",
       "      <td>457671</td>\n",
       "      <td>252288</td>\n",
       "      <td>488577</td>\n",
       "      <td>148606</td>\n",
       "      <td>220412</td>\n",
       "      <td>486715</td>\n",
       "    </tr>\n",
       "    <tr>\n",
       "      <td>704586</td>\n",
       "      <td>2020</td>\n",
       "      <td>955411</td>\n",
       "      <td>1208594</td>\n",
       "      <td>461502</td>\n",
       "      <td>255569</td>\n",
       "      <td>493198</td>\n",
       "      <td>152437</td>\n",
       "      <td>222212</td>\n",
       "      <td>495681</td>\n",
       "    </tr>\n",
       "  </tbody>\n",
       "</table>\n",
       "</div>"
      ],
      "text/plain": [
       "              Tahun  Lombok Tengah  Lombok Timur  Sumbawa   Dompu    Bima  \\\n",
       "Lombok Barat                                                                \n",
       "644586         2014         903432       1153773   436599  234665  463419   \n",
       "654892         2015         912879       1164018   441102  238386  468682   \n",
       "665132         2016         922088       1173781   445503  241888  473890   \n",
       "675222         2017         930797       1183204   449680  245387  478967   \n",
       "685161         2018         939409       1192110   453797  248879  483901   \n",
       "694985         2019         947488       1200612   457671  252288  488577   \n",
       "704586         2020         955411       1208594   461502  255569  493198   \n",
       "\n",
       "              Sumbawa Barat  Lombok Utara  Kota Mataram  \n",
       "Lombok Barat                                             \n",
       "644586               129724        210133        441064  \n",
       "654892               133391        212265        450226  \n",
       "665132               137072        214393        459314  \n",
       "675222               140890        216515        468509  \n",
       "685161               144707        218533        477476  \n",
       "694985               148606        220412        486715  \n",
       "704586               152437        222212        495681  "
      ]
     },
     "execution_count": 51,
     "metadata": {},
     "output_type": "execute_result"
    }
   ],
   "source": [
    "iris.groupby('Lombok Barat').mean()"
   ]
  },
  {
   "cell_type": "code",
   "execution_count": 52,
   "metadata": {},
   "outputs": [
    {
     "data": {
      "text/html": [
       "<div>\n",
       "<style scoped>\n",
       "    .dataframe tbody tr th:only-of-type {\n",
       "        vertical-align: middle;\n",
       "    }\n",
       "\n",
       "    .dataframe tbody tr th {\n",
       "        vertical-align: top;\n",
       "    }\n",
       "\n",
       "    .dataframe thead th {\n",
       "        text-align: right;\n",
       "    }\n",
       "</style>\n",
       "<table border=\"1\" class=\"dataframe\">\n",
       "  <thead>\n",
       "    <tr style=\"text-align: right;\">\n",
       "      <th></th>\n",
       "      <th>Tahun</th>\n",
       "      <th>Lombok Barat</th>\n",
       "      <th>Lombok Timur</th>\n",
       "      <th>Sumbawa</th>\n",
       "      <th>Dompu</th>\n",
       "      <th>Bima</th>\n",
       "      <th>Sumbawa Barat</th>\n",
       "      <th>Lombok Utara</th>\n",
       "      <th>Kota Mataram</th>\n",
       "    </tr>\n",
       "    <tr>\n",
       "      <th>Lombok Tengah</th>\n",
       "      <th></th>\n",
       "      <th></th>\n",
       "      <th></th>\n",
       "      <th></th>\n",
       "      <th></th>\n",
       "      <th></th>\n",
       "      <th></th>\n",
       "      <th></th>\n",
       "      <th></th>\n",
       "    </tr>\n",
       "  </thead>\n",
       "  <tbody>\n",
       "    <tr>\n",
       "      <td>903432</td>\n",
       "      <td>2014</td>\n",
       "      <td>644586</td>\n",
       "      <td>1153773</td>\n",
       "      <td>436599</td>\n",
       "      <td>234665</td>\n",
       "      <td>463419</td>\n",
       "      <td>129724</td>\n",
       "      <td>210133</td>\n",
       "      <td>441064</td>\n",
       "    </tr>\n",
       "    <tr>\n",
       "      <td>912879</td>\n",
       "      <td>2015</td>\n",
       "      <td>654892</td>\n",
       "      <td>1164018</td>\n",
       "      <td>441102</td>\n",
       "      <td>238386</td>\n",
       "      <td>468682</td>\n",
       "      <td>133391</td>\n",
       "      <td>212265</td>\n",
       "      <td>450226</td>\n",
       "    </tr>\n",
       "    <tr>\n",
       "      <td>922088</td>\n",
       "      <td>2016</td>\n",
       "      <td>665132</td>\n",
       "      <td>1173781</td>\n",
       "      <td>445503</td>\n",
       "      <td>241888</td>\n",
       "      <td>473890</td>\n",
       "      <td>137072</td>\n",
       "      <td>214393</td>\n",
       "      <td>459314</td>\n",
       "    </tr>\n",
       "    <tr>\n",
       "      <td>930797</td>\n",
       "      <td>2017</td>\n",
       "      <td>675222</td>\n",
       "      <td>1183204</td>\n",
       "      <td>449680</td>\n",
       "      <td>245387</td>\n",
       "      <td>478967</td>\n",
       "      <td>140890</td>\n",
       "      <td>216515</td>\n",
       "      <td>468509</td>\n",
       "    </tr>\n",
       "    <tr>\n",
       "      <td>939409</td>\n",
       "      <td>2018</td>\n",
       "      <td>685161</td>\n",
       "      <td>1192110</td>\n",
       "      <td>453797</td>\n",
       "      <td>248879</td>\n",
       "      <td>483901</td>\n",
       "      <td>144707</td>\n",
       "      <td>218533</td>\n",
       "      <td>477476</td>\n",
       "    </tr>\n",
       "    <tr>\n",
       "      <td>947488</td>\n",
       "      <td>2019</td>\n",
       "      <td>694985</td>\n",
       "      <td>1200612</td>\n",
       "      <td>457671</td>\n",
       "      <td>252288</td>\n",
       "      <td>488577</td>\n",
       "      <td>148606</td>\n",
       "      <td>220412</td>\n",
       "      <td>486715</td>\n",
       "    </tr>\n",
       "    <tr>\n",
       "      <td>955411</td>\n",
       "      <td>2020</td>\n",
       "      <td>704586</td>\n",
       "      <td>1208594</td>\n",
       "      <td>461502</td>\n",
       "      <td>255569</td>\n",
       "      <td>493198</td>\n",
       "      <td>152437</td>\n",
       "      <td>222212</td>\n",
       "      <td>495681</td>\n",
       "    </tr>\n",
       "  </tbody>\n",
       "</table>\n",
       "</div>"
      ],
      "text/plain": [
       "               Tahun  Lombok Barat  Lombok Timur  Sumbawa   Dompu    Bima  \\\n",
       "Lombok Tengah                                                               \n",
       "903432          2014        644586       1153773   436599  234665  463419   \n",
       "912879          2015        654892       1164018   441102  238386  468682   \n",
       "922088          2016        665132       1173781   445503  241888  473890   \n",
       "930797          2017        675222       1183204   449680  245387  478967   \n",
       "939409          2018        685161       1192110   453797  248879  483901   \n",
       "947488          2019        694985       1200612   457671  252288  488577   \n",
       "955411          2020        704586       1208594   461502  255569  493198   \n",
       "\n",
       "               Sumbawa Barat  Lombok Utara  Kota Mataram  \n",
       "Lombok Tengah                                             \n",
       "903432                129724        210133        441064  \n",
       "912879                133391        212265        450226  \n",
       "922088                137072        214393        459314  \n",
       "930797                140890        216515        468509  \n",
       "939409                144707        218533        477476  \n",
       "947488                148606        220412        486715  \n",
       "955411                152437        222212        495681  "
      ]
     },
     "execution_count": 52,
     "metadata": {},
     "output_type": "execute_result"
    }
   ],
   "source": [
    "iris.groupby('Lombok Tengah').mean()"
   ]
  },
  {
   "cell_type": "code",
   "execution_count": 53,
   "metadata": {},
   "outputs": [
    {
     "data": {
      "text/html": [
       "<div>\n",
       "<style scoped>\n",
       "    .dataframe tbody tr th:only-of-type {\n",
       "        vertical-align: middle;\n",
       "    }\n",
       "\n",
       "    .dataframe tbody tr th {\n",
       "        vertical-align: top;\n",
       "    }\n",
       "\n",
       "    .dataframe thead th {\n",
       "        text-align: right;\n",
       "    }\n",
       "</style>\n",
       "<table border=\"1\" class=\"dataframe\">\n",
       "  <thead>\n",
       "    <tr style=\"text-align: right;\">\n",
       "      <th></th>\n",
       "      <th>Tahun</th>\n",
       "      <th>Lombok Barat</th>\n",
       "      <th>Lombok Tengah</th>\n",
       "      <th>Sumbawa</th>\n",
       "      <th>Dompu</th>\n",
       "      <th>Bima</th>\n",
       "      <th>Sumbawa Barat</th>\n",
       "      <th>Lombok Utara</th>\n",
       "      <th>Kota Mataram</th>\n",
       "    </tr>\n",
       "    <tr>\n",
       "      <th>Lombok Timur</th>\n",
       "      <th></th>\n",
       "      <th></th>\n",
       "      <th></th>\n",
       "      <th></th>\n",
       "      <th></th>\n",
       "      <th></th>\n",
       "      <th></th>\n",
       "      <th></th>\n",
       "      <th></th>\n",
       "    </tr>\n",
       "  </thead>\n",
       "  <tbody>\n",
       "    <tr>\n",
       "      <td>1153773</td>\n",
       "      <td>2014</td>\n",
       "      <td>644586</td>\n",
       "      <td>903432</td>\n",
       "      <td>436599</td>\n",
       "      <td>234665</td>\n",
       "      <td>463419</td>\n",
       "      <td>129724</td>\n",
       "      <td>210133</td>\n",
       "      <td>441064</td>\n",
       "    </tr>\n",
       "    <tr>\n",
       "      <td>1164018</td>\n",
       "      <td>2015</td>\n",
       "      <td>654892</td>\n",
       "      <td>912879</td>\n",
       "      <td>441102</td>\n",
       "      <td>238386</td>\n",
       "      <td>468682</td>\n",
       "      <td>133391</td>\n",
       "      <td>212265</td>\n",
       "      <td>450226</td>\n",
       "    </tr>\n",
       "    <tr>\n",
       "      <td>1173781</td>\n",
       "      <td>2016</td>\n",
       "      <td>665132</td>\n",
       "      <td>922088</td>\n",
       "      <td>445503</td>\n",
       "      <td>241888</td>\n",
       "      <td>473890</td>\n",
       "      <td>137072</td>\n",
       "      <td>214393</td>\n",
       "      <td>459314</td>\n",
       "    </tr>\n",
       "    <tr>\n",
       "      <td>1183204</td>\n",
       "      <td>2017</td>\n",
       "      <td>675222</td>\n",
       "      <td>930797</td>\n",
       "      <td>449680</td>\n",
       "      <td>245387</td>\n",
       "      <td>478967</td>\n",
       "      <td>140890</td>\n",
       "      <td>216515</td>\n",
       "      <td>468509</td>\n",
       "    </tr>\n",
       "    <tr>\n",
       "      <td>1192110</td>\n",
       "      <td>2018</td>\n",
       "      <td>685161</td>\n",
       "      <td>939409</td>\n",
       "      <td>453797</td>\n",
       "      <td>248879</td>\n",
       "      <td>483901</td>\n",
       "      <td>144707</td>\n",
       "      <td>218533</td>\n",
       "      <td>477476</td>\n",
       "    </tr>\n",
       "    <tr>\n",
       "      <td>1200612</td>\n",
       "      <td>2019</td>\n",
       "      <td>694985</td>\n",
       "      <td>947488</td>\n",
       "      <td>457671</td>\n",
       "      <td>252288</td>\n",
       "      <td>488577</td>\n",
       "      <td>148606</td>\n",
       "      <td>220412</td>\n",
       "      <td>486715</td>\n",
       "    </tr>\n",
       "    <tr>\n",
       "      <td>1208594</td>\n",
       "      <td>2020</td>\n",
       "      <td>704586</td>\n",
       "      <td>955411</td>\n",
       "      <td>461502</td>\n",
       "      <td>255569</td>\n",
       "      <td>493198</td>\n",
       "      <td>152437</td>\n",
       "      <td>222212</td>\n",
       "      <td>495681</td>\n",
       "    </tr>\n",
       "  </tbody>\n",
       "</table>\n",
       "</div>"
      ],
      "text/plain": [
       "              Tahun  Lombok Barat  Lombok Tengah  Sumbawa   Dompu    Bima  \\\n",
       "Lombok Timur                                                                \n",
       "1153773        2014        644586         903432   436599  234665  463419   \n",
       "1164018        2015        654892         912879   441102  238386  468682   \n",
       "1173781        2016        665132         922088   445503  241888  473890   \n",
       "1183204        2017        675222         930797   449680  245387  478967   \n",
       "1192110        2018        685161         939409   453797  248879  483901   \n",
       "1200612        2019        694985         947488   457671  252288  488577   \n",
       "1208594        2020        704586         955411   461502  255569  493198   \n",
       "\n",
       "              Sumbawa Barat  Lombok Utara  Kota Mataram  \n",
       "Lombok Timur                                             \n",
       "1153773              129724        210133        441064  \n",
       "1164018              133391        212265        450226  \n",
       "1173781              137072        214393        459314  \n",
       "1183204              140890        216515        468509  \n",
       "1192110              144707        218533        477476  \n",
       "1200612              148606        220412        486715  \n",
       "1208594              152437        222212        495681  "
      ]
     },
     "execution_count": 53,
     "metadata": {},
     "output_type": "execute_result"
    }
   ],
   "source": [
    "iris.groupby('Lombok Timur').mean()"
   ]
  },
  {
   "cell_type": "code",
   "execution_count": 54,
   "metadata": {},
   "outputs": [
    {
     "data": {
      "text/html": [
       "<div>\n",
       "<style scoped>\n",
       "    .dataframe tbody tr th:only-of-type {\n",
       "        vertical-align: middle;\n",
       "    }\n",
       "\n",
       "    .dataframe tbody tr th {\n",
       "        vertical-align: top;\n",
       "    }\n",
       "\n",
       "    .dataframe thead th {\n",
       "        text-align: right;\n",
       "    }\n",
       "</style>\n",
       "<table border=\"1\" class=\"dataframe\">\n",
       "  <thead>\n",
       "    <tr style=\"text-align: right;\">\n",
       "      <th></th>\n",
       "      <th>Tahun</th>\n",
       "      <th>Lombok Barat</th>\n",
       "      <th>Lombok Tengah</th>\n",
       "      <th>Lombok Timur</th>\n",
       "      <th>Dompu</th>\n",
       "      <th>Bima</th>\n",
       "      <th>Sumbawa Barat</th>\n",
       "      <th>Lombok Utara</th>\n",
       "      <th>Kota Mataram</th>\n",
       "    </tr>\n",
       "    <tr>\n",
       "      <th>Sumbawa</th>\n",
       "      <th></th>\n",
       "      <th></th>\n",
       "      <th></th>\n",
       "      <th></th>\n",
       "      <th></th>\n",
       "      <th></th>\n",
       "      <th></th>\n",
       "      <th></th>\n",
       "      <th></th>\n",
       "    </tr>\n",
       "  </thead>\n",
       "  <tbody>\n",
       "    <tr>\n",
       "      <td>436599</td>\n",
       "      <td>2014</td>\n",
       "      <td>644586</td>\n",
       "      <td>903432</td>\n",
       "      <td>1153773</td>\n",
       "      <td>234665</td>\n",
       "      <td>463419</td>\n",
       "      <td>129724</td>\n",
       "      <td>210133</td>\n",
       "      <td>441064</td>\n",
       "    </tr>\n",
       "    <tr>\n",
       "      <td>441102</td>\n",
       "      <td>2015</td>\n",
       "      <td>654892</td>\n",
       "      <td>912879</td>\n",
       "      <td>1164018</td>\n",
       "      <td>238386</td>\n",
       "      <td>468682</td>\n",
       "      <td>133391</td>\n",
       "      <td>212265</td>\n",
       "      <td>450226</td>\n",
       "    </tr>\n",
       "    <tr>\n",
       "      <td>445503</td>\n",
       "      <td>2016</td>\n",
       "      <td>665132</td>\n",
       "      <td>922088</td>\n",
       "      <td>1173781</td>\n",
       "      <td>241888</td>\n",
       "      <td>473890</td>\n",
       "      <td>137072</td>\n",
       "      <td>214393</td>\n",
       "      <td>459314</td>\n",
       "    </tr>\n",
       "    <tr>\n",
       "      <td>449680</td>\n",
       "      <td>2017</td>\n",
       "      <td>675222</td>\n",
       "      <td>930797</td>\n",
       "      <td>1183204</td>\n",
       "      <td>245387</td>\n",
       "      <td>478967</td>\n",
       "      <td>140890</td>\n",
       "      <td>216515</td>\n",
       "      <td>468509</td>\n",
       "    </tr>\n",
       "    <tr>\n",
       "      <td>453797</td>\n",
       "      <td>2018</td>\n",
       "      <td>685161</td>\n",
       "      <td>939409</td>\n",
       "      <td>1192110</td>\n",
       "      <td>248879</td>\n",
       "      <td>483901</td>\n",
       "      <td>144707</td>\n",
       "      <td>218533</td>\n",
       "      <td>477476</td>\n",
       "    </tr>\n",
       "    <tr>\n",
       "      <td>457671</td>\n",
       "      <td>2019</td>\n",
       "      <td>694985</td>\n",
       "      <td>947488</td>\n",
       "      <td>1200612</td>\n",
       "      <td>252288</td>\n",
       "      <td>488577</td>\n",
       "      <td>148606</td>\n",
       "      <td>220412</td>\n",
       "      <td>486715</td>\n",
       "    </tr>\n",
       "    <tr>\n",
       "      <td>461502</td>\n",
       "      <td>2020</td>\n",
       "      <td>704586</td>\n",
       "      <td>955411</td>\n",
       "      <td>1208594</td>\n",
       "      <td>255569</td>\n",
       "      <td>493198</td>\n",
       "      <td>152437</td>\n",
       "      <td>222212</td>\n",
       "      <td>495681</td>\n",
       "    </tr>\n",
       "  </tbody>\n",
       "</table>\n",
       "</div>"
      ],
      "text/plain": [
       "         Tahun  Lombok Barat  Lombok Tengah  Lombok Timur   Dompu    Bima  \\\n",
       "Sumbawa                                                                     \n",
       "436599    2014        644586         903432       1153773  234665  463419   \n",
       "441102    2015        654892         912879       1164018  238386  468682   \n",
       "445503    2016        665132         922088       1173781  241888  473890   \n",
       "449680    2017        675222         930797       1183204  245387  478967   \n",
       "453797    2018        685161         939409       1192110  248879  483901   \n",
       "457671    2019        694985         947488       1200612  252288  488577   \n",
       "461502    2020        704586         955411       1208594  255569  493198   \n",
       "\n",
       "         Sumbawa Barat  Lombok Utara  Kota Mataram  \n",
       "Sumbawa                                             \n",
       "436599          129724        210133        441064  \n",
       "441102          133391        212265        450226  \n",
       "445503          137072        214393        459314  \n",
       "449680          140890        216515        468509  \n",
